1) 0000000000000000000012 1 8
2) 1 2 f 
3) “1 2 3 f”
4) “1 2 3 4” 3
5) “1 3 2” “9999999999999999999999999999999999999999999999999”
6) no param
7) 1 9 -2 45 98 76 19 54 82 9283 92854 7 0
8) 31548 18547 842639 405818 746340 331734 735976 190441 349773 580828 601591 962527 801890 589024 330419 540852 997736 490833 925754 597487 460168 403231 34151 607460 637753 881305 259090 308716 776541 182510 81582 939337 791974 632865 278823 498621 92979 25535 709230 18471 235135 111070 67852 680351 535224 383947 441472 923759 815662 448794
8) 367756 700984 791675 3776177 7652110 9502237 21384389 23517153 25339648 32736205 34403398 34556162 36870106 37358161 40113385 40976039 41513110 41517118 44828800 44978625 46443378 49870120 50087319 50544920 52196971 52203288 54081319 54929331 57451388 58000591 59007572 61806638 62644704 62720911 66901715 67358792 69436232 70873448 70956615 71863106 74127076 74455618 74553975 74557588 74635908 78060776 82525557 87183120 87661159 91049596 91508671 97304548 98577575 103060105 103414567 103476776 103670045 106631257 106971822 113204285 114479083 117367175 125833639 131175196 131397903 131566388 135306137 138522652 138800922 140861164 142987020 145229114 147725021 147865924 148950755 149588503 151154831 157155050 158994929 159423666 159721670 160453460 163820292 168475270 170055560 174215441 177231910 180901280 187969492 190888471 192470364 195286003 199730906 201185119 201810159 209231868 209502539 214229121 214647429 214671682
9



{
    // Use IntelliSense to learn about possible attributes.
    // Hover to view descriptions of existing attributes.
    // For more information, visit: https://go.microsoft.com/fwlink/?linkid=830387
    "version": "0.2.0",
    "configurations": [
        {
            "type": "lldb",
            "request": "launch",
            "name": "Debug",
            "program": "${workspaceFolder}/push_swap",
            "args": ["1 2 0 -6 98"],
            "cwd": "${workspaceFolder}"
        }
    ]
}